1 20001 20001
2 20001 20001
3 20001 20001
4 20001 20001
5 20001 20001
6 20001 20001
7 20001 20001
8 20001 20001
9 20001 20001
10 20001 20001
11 20001 20001
12 20001 20001
13 20001 20001
14 20001 20001
15 20001 20001
16 20001 20001
17 20001 20001
18 20001 20001
19 20001 20001
20 20001 20001
21 20001 20001
22 20001 20001
23 20001 20001
24 20001 20001
25 20001 20001
26 20001 20001
27 20001 20001
28 20001 20001
29 20001 20001
30 20001 20001
31 20001 20001
32 20001 20001
33 20001 20001
34 20001 20001
35 20001 20001
36 20001 20001
37 20001 20001
38 20001 20001
39 20001 20001
40 20001 20001
41 20001 20001
43 20001 20001
44 20001 20001
45 20001 20001
46 20001 20001
48 20001 20001
49 20001 20001
50 20001 20001
51 20001 20001
52 20001 20001
53 20001 20001
54 20001 20001
55 20001 20001
56 20001 20001
57 20001 20001
58 20001 20001
59 20001 20001
60 20001 20001
61 20001 20001
62 20001 20001
63 20001 20001
64 20001 20001
65 20001 20001
66 20001 20001
67 20001 20001
68 20001 20001
69 20001 20001
70 20001 20001
71 20001 20001
72 20001 20001
73 20001 20001
74 20001 20001
75 20001 20001
76 20001 20001
77 20001 20001
78 20001 20001
79 20001 20001
80 20001 20001
81 20001 20001
82 20001 20001
83 20001 20001
84 20001 20001
85 20001 20001
86 20001 20001
87 20001 20001
88 20001 20001
89 20001 20001
90 20001 20001
91 20001 20001
92 20001 20001
93 20001 20001
94 20001 20001
95 20001 20001
96 20001 20001
97 20001 20001
98 20001 20001
99 20001 20001
100 20001 20001
101 20001 20001
102 20001 20001
103 20001 20001
104 20001 20001
105 20001 20001
106 20001 20001
107 20001 20001
108 20001 20001
109 20001 20001
110 20001 20001
111 20001 20001
112 20001 20001
113 20001 20001
114 20001 20001
115 20001 20001
116 20001 20001
117 20001 20001
118 20001 20001
119 20001 20001
120 20001 20001
121 20001 20001
122 20001 20001
123 20001 20001
124 20001 20001
125 20001 20001
126 20001 20001
127 20001 20001
128 20001 20001
129 20001 20001
130 20001 20001
131 20001 20001
132 20001 20001
133 20001 20001
134 20001 20001
135 20001 20001
136 20001 20001
137 20001 20001
138 20001 20001
139 20001 20001
140 20001 20001
141 20001 20001
142 20001 20001
143 20001 20001
144 20001 20001
145 20001 20001
146 20001 20001
147 20001 20001
148 20001 20001
149 20001 20001
150 20001 20001
151 20001 20001
152 20001 20001
153 20001 20001
154 20001 20001
155 20001 20001
156 20001 20001
157 20001 20001
158 20001 20001
159 20001 20001
160 20001 20001
161 20001 20001
162 20001 20001
163 20001 20001
164 20001 20001
165 20001 20001
166 20001 20001
167 20001 20001
168 20001 20001
169 20001 20001
170 20001 20001
171 20001 20001
172 20001 20001
173 20001 20001
174 20001 20001
175 20001 20001
176 20001 20001
177 20001 20001
178 20001 20001
179 20001 20001
180 20001 20001
181 20001 20001
182 20001 20001
183 20001 20001
184 20001 20001
185 20001 20001
186 20001 20001
187 20001 20001
188 20001 20001
189 20001 20001
190 20001 20001
191 20001 20001
192 20001 20001
193 20001 20001
194 20001 20001
195 20001 20001
196 20001 20001
197 20001 20001
198 20001 20001
199 20001 20001
200 20001 20001
201 20001 20001
202 20001 20001
203 20001 20001
204 20001 20001
205 20001 20001
206 20001 20001
207 20001 20001
208 20001 20001
209 20001 20001
210 20001 20001
211 20001 20001
212 20001 20001
213 20001 20001
214 20001 20001
215 20001 20001
216 20001 20001
217 20001 20001
218 20001 20001
219 20001 20001
220 20001 20001
221 20001 20001
222 20001 20001
223 20001 20001
224 20001 20001
225 20001 20001
226 20001 20001
227 20001 20001
228 20001 20001
229 20001 20001
230 20001 20001
231 20001 20001
232 20001 20001
233 20001 20001
234 20001 20001
235 20001 20001
236 20001 20001
237 20001 20001
238 20001 20001
239 20001 20001
240 20001 20001
241 20001 20001
242 20001 20001
243 20001 20001
244 20001 20001
245 20001 20001
246 20001 20001
247 20001 20001
248 20001 20001
249 20001 20001
250 20001 20001
251 20001 20001
252 20001 20001
253 20001 20001
254 20001 20001
255 20001 20001
256 20001 20001
257 20001 20001
258 20001 20001
259 20001 20001
260 20001 20001
261 20001 20001
262 20001 20001
263 20001 20001
264 20001 20001
265 20001 20001
266 20001 20001
267 20001 20001
268 20001 20001
269 20001 20001
270 20001 20001
271 20001 20001
272 20001 20001
273 20001 20001
274 20001 20001
275 20001 20001
276 20001 20001
277 20001 20001
278 20001 20001
279 20001 20001
280 20001 20001
281 20001 20001
282 20001 20001
283 20001 20001
284 20001 20001
285 20001 20001
286 20001 20001
287 20001 20001
288 20001 20001
289 20001 20001
290 20001 20001
291 20001 20001
292 20001 20001
293 20001 20001
294 20001 20001
295 20001 20001
296 20001 20001
297 20001 20001
298 20001 20001
299 20001 20001
300 20001 20001
301 20001 20001
302 20001 20001
303 20001 20001
304 20001 20001
305 20001 20001
306 20001 20001
307 20001 20001
308 20001 20001
309 20001 20001
310 20001 20001
311 20001 20001
312 20001 20001
313 20001 20001
314 20001 20001
315 20001 20001
316 20001 20001
317 20001 20001
318 20001 20001
319 20001 20001
320 20001 20001
321 20001 20001
322 20001 20001
323 20001 20001
324 20001 20001
325 20001 20001
326 20001 20001
327 20001 20001
328 20001 20001
329 20001 20001
330 20001 20001
331 20001 20001
332 20001 20001
