11 0|5 n307@2201_36 n308@2201_37
15 0|14 n331@2201_42 n332@2201_43
16 0|7 n323@2201_40 0|14
20 0|10 n319@2201_38 n320@2201_39
21 0|8 n303@2201_34 0|10
22 0|6 0|7 0|8
23 0|4 0|5 0|6
24 0|2 0|4
26 0|0 n221@2201_24 0|2
25 n221@2201_24
9 n307@2201_36
10 n308@2201_37
12 n323@2201_40
13 n331@2201_42
14 n332@2201_43
17 n303@2201_34
18 n319@2201_38
19 n320@2201_39
48 1|44 n321@10650_17
49 1|42 1|44
51 1|40 1|42
52 1|38 1|40
54 1|36 1|38
55 1|1 1|36
61 1|32 n312@10650_16
63 1|30 1|32
64 1|5 1|30
61 1|26 n311@10650_14
63 1|24 1|26
64 1|7 1|24
61 1|20 n311@10650_12 n312@10650_13
63 1|18 1|20
64 1|9 1|18
63 1|11 n290@10650_9
58 1|12 n285@10650_6 n286@10650_7
64 1|10 1|11 1|12
66 1|2 1|5 1|7 1|9 1|10
67 1|0 1|1 1|2
46 n321@10650_17
60 n312@10650_16
59 n311@10650_14
59 n311@10650_12
60 n312@10650_13
62 n290@10650_9
56 n285@10650_6
57 n286@10650_7
70 2|2 n327@4564_24 n328@4564_25
72 2|0 n170@4564_13 2|2
71 n170@4564_13
68 n327@4564_24
69 n328@4564_25
