#dataset RF nb_dup nb_loss nb_hgt rec_score nb_gain nb_break DeCo_score linearity_score
lambda_025	0.12	0.0	294.0	195.0	684.0	1815	553	5998.0	160.0
lambda_05	0.23	0.0	399.0	300.0	999.0	2011	621	6654.0	200.0
lambda_1	0.47	0.0	604.0	535.0	1674.0	2477	879	8310.0	262.0
lambda_2	0.88	0.0	973.0	921.0	2815.0	3218	1209	10863.0	366.0
lambda_3	1.35	1.0	1306.0	1330.0	3968.0	3962	1491	13377.0	642.0
lambda_5	2.11	1.0	1828.0	2007.0	5844.0	5178	1871	17405.0	1112.0
lambda_7	2.78	0.0	2217.0	2523.0	7263.0	6102	2127	20433.0	1496.0
lambda_10	3.80	2.0	2696.0	3368.0	9436.0	7572	2281	24997.0	2376.0
lambda_20	6.57	0.0	3701.0	5372.0	14445.0	10894	2541	35223.0	4950.0
lambda_30	8.56	1.0	4136.0	6709.0	17556.0	12939	2403	41220.0	6972.0
lambda_50	11.51	2.0	4500.0	8470.0	21444.0	15381	2045	48188.0	9368.0
