#dataset RF nb_dup nb_loss nb_hgt rec_score nb_gain nb_break DeCo_score linearity_score
lambda_025	0.12	0.0	279.0	190.0	849.0	1725	318	5493.0	178.0
lambda_05	0.23	0.0	369.0	295.0	1254.0	1925	305	6080.0	252.0
lambda_1	0.47	0.0	568.0	519.0	2125.0	2384	309	7461.0	352.0
lambda_2	0.88	1.0	863.0	903.0	3574.0	3107	285	9606.0	568.0
lambda_3	1.35	1.0	1167.0	1297.0	5060.0	3854	272	11834.0	884.0
lambda_5	2.11	1.0	1670.0	1901.0	7375.0	4942	238	15064.0	1280.0
lambda_7	2.78	2.0	2001.0	2374.0	9127.0	5814	238	17680.0	1750.0
lambda_10	3.80	8.0	2496.0	3087.0	11773.0	7028	183	21267.0	2492.0
lambda_20	6.57	18.0	3576.0	4717.0	17763.0	9801	136	29539.0	4524.0
lambda_30	8.56	45.0	4361.0	5695.0	21536.0	11431	101	34394.0	5646.0
