1 20001 20001
2 20001 20001
3 20001 20001
4 20001 20001
5 20001 20001
6 20001 20001
7 20001 20001
8 20001 20001
9 20001 20001
10 20001 20001
11 20001 20001
12 20001 20001
13 20001 20001
14 20001 20001
15 20001 20001
16 20001 20001
17 20001 20001
18 20001 20001
19 20001 20001
20 20001 20001
21 20001 20001
22 20001 20001
23 20001 20001
24 20001 20001
25 20001 20001
26 20001 20001
27 20001 20001
28 20001 20001
29 20001 20001
30 20001 20001
31 20001 20001
32 20001 20001
33 20001 20001
34 20001 20001
35 20001 20001
36 20001 20001
37 20001 20001
38 20001 20001
39 20001 20001
40 20001 20001
41 20001 20001
42 20001 20001
43 20001 20001
44 20001 20001
45 20001 20001
46 20001 20001
47 20001 20001
48 20001 20001
49 20001 20001
50 20001 20001
51 20001 20001
52 20001 20001
53 20001 20001
54 20001 20001
55 20001 20001
56 20001 20001
57 20001 20001
58 20001 20001
59 20001 20001
60 20001 20001
61 20001 20001
62 20001 20001
63 20001 20001
64 20001 20001
65 20001 20001
66 20001 20001
67 20001 20001
68 20001 20001
69 20001 20001
70 20001 20001
71 20001 20001
72 20001 20001
73 20001 20001
74 20001 20001
75 20001 20001
76 20001 20001
77 20001 20001
78 20001 20001
79 20001 20001
80 20001 20001
81 20001 20001
82 20001 20001
83 20001 20001
84 20001 20001
85 20001 20001
86 20001 20001
87 20001 20001
88 20001 20001
89 20001 20001
90 20001 20001
91 20001 20001
92 20001 20001
93 20001 20001
94 20001 20001
95 20001 20001
96 20001 20001
97 20001 20001
98 20001 20001
100 20001 20001
101 20001 20001
102 20001 20001
103 20001 20001
104 20001 20001
105 20001 20001
106 20001 20001
107 20001 20001
108 20001 20001
109 20001 20001
110 20001 20001
112 20001 20001
113 20001 20001
114 20001 20001
115 20001 20001
116 20001 20001
117 20001 20001
118 20001 20001
119 20001 20001
120 20001 20001
121 20001 20001
122 20001 20001
123 20001 20001
124 20001 20001
125 20001 20001
126 20001 20001
127 20001 20001
128 20001 20001
129 20001 20001
130 20001 20001
131 20001 20001
132 20001 20001
133 20001 20001
134 20001 20001
135 20001 20001
136 20001 20001
137 20001 20001
138 20001 20001
139 20001 20001
140 20001 20001
141 20001 20001
142 20001 20001
143 20001 20001
144 20001 20001
145 20001 20001
146 20001 20001
147 20001 20001
148 20001 20001
149 20001 20001
150 20001 20001
151 20001 20001
152 20001 20001
153 20001 20001
154 20001 20001
155 20001 20001
156 20001 20001
157 20001 20001
158 20001 20001
159 20001 20001
160 20001 20001
161 20001 20001
162 20001 20001
163 20001 20001
164 20001 20001
165 20001 20001
166 20001 20001
167 20001 20001
168 20001 20001
169 20001 20001
170 20001 20001
171 20001 20001
172 20001 20001
173 20001 20001
174 20001 20001
175 20001 20001
176 20001 20001
177 20001 20001
178 20001 20001
179 20001 20001
180 20001 20001
181 20001 20001
182 20001 20001
183 20001 20001
184 20001 20001
185 20001 20001
186 20001 20001
187 20001 20001
188 20001 20001
189 20001 20001
190 20001 20001
191 20001 20001
192 20001 20001
193 20001 20001
194 20001 20001
195 20001 20001
196 20001 20001
197 20001 20001
198 20001 20001
199 20001 20001
200 20001 20001
201 20001 20001
202 20001 20001
203 20001 20001
204 20001 20001
205 20001 20001
206 20001 20001
207 20001 20001
208 20001 20001
209 20001 20001
210 20001 20001
211 20001 20001
212 20001 20001
213 20001 20001
214 20001 20001
215 20001 20001
216 20001 20001
217 20001 20001
218 20001 20001
219 20001 20001
220 20001 20001
221 20001 20001
222 20001 20001
223 20001 20001
224 20001 20001
225 20001 20001
226 20001 20001
227 20001 20001
228 20001 20001
229 20001 20001
230 20001 20001
231 20001 20001
232 20001 20001
233 20001 20001
234 20001 20001
235 20001 20001
236 20001 20001
237 20001 20001
238 20001 20001
239 20001 20001
240 20001 20001
241 20001 20001
242 20001 20001
243 20001 20001
244 20001 20001
245 20001 20001
246 20001 20001
247 20001 20001
248 20001 20001
249 20001 20001
250 20001 20001
251 20001 20001
252 20001 20001
253 20001 20001
254 20001 20001
255 20001 20001
256 20001 20001
257 20001 20001
258 20001 20001
259 20001 20001
260 20001 20001
261 20001 20001
262 20001 20001
263 20001 20001
264 20001 20001
265 20001 20001
266 20001 20001
267 20001 20001
268 20001 20001
269 20001 20001
270 20001 20001
271 20001 20001
272 20001 20001
273 20001 20001
274 20001 20001
275 20001 20001
276 20001 20001
277 20001 20001
278 20001 20001
279 20001 20001
280 20001 20001
281 20001 20001
282 20001 20001
283 20001 20001
284 20001 20001
285 20001 20001
286 20001 20001
287 20001 20001
288 20001 20001
289 20001 20001
290 20001 20001
291 20001 20001
292 20001 20001
293 20001 20001
294 20001 20001
295 20001 20001
296 20001 20001
297 20001 20001
298 20001 20001
299 20001 20001
300 20001 20001
301 20001 20001
302 20001 20001
303 20001 20001
304 20001 20001
305 20001 20001
306 20001 20001
307 20001 20001
308 20001 20001
309 20001 20001
310 20001 20001
311 20001 20001
312 20001 20001
313 20001 20001
314 20001 20001
315 20001 20001
316 20001 20001
317 20001 20001
318 20001 20001
319 20001 20001
320 20001 20001
321 20001 20001
322 20001 20001
323 20001 20001
324 20001 20001
325 20001 20001
326 20001 20001
327 20001 20001
328 20001 20001
329 20001 20001
330 20001 20001
331 20001 20001
332 20001 20001
333 20001 20001
334 20001 20001
335 20001 20001
336 20001 20001
337 20001 20001
338 20001 20001
339 20001 20001
340 20001 20001
341 20001 20001
342 20001 20001
343 20001 20001
344 20001 20001
345 20001 20001
346 20001 20001
347 20001 20001
348 20001 20001
349 20001 20001
350 20001 20001
351 20001 20001
352 20001 20001
353 20001 20001
354 20001 20001
355 20001 20001
356 20001 20001
357 20001 20001
358 20001 20001
359 20001 20001
360 20001 20001
361 20001 20001
362 20001 20001
363 20001 20001
364 20001 20001
365 20001 20001
366 20001 20001
367 20001 20001
368 20001 20001
369 20001 20001
370 20001 20001
371 20001 20001
372 20001 20001
373 20001 20001
374 20001 20001
375 20001 20001
376 20001 20001
377 20001 20001
378 20001 20001
379 20001 20001
380 20001 20001
381 20001 20001
382 20001 20001
383 20001 20001
384 20001 20001
385 20001 20001
386 20001 20001
387 20001 20001
388 20001 20001
389 20001 20001
390 20001 20001
391 20001 20001
392 20001 20001
393 20001 20001
394 20001 20001
395 20001 20001
396 20001 20001
397 20001 20001
398 20001 20001
399 20001 20001
400 20001 20001
401 20001 20001
402 20001 20001
403 20001 20001
404 20001 20001
405 20001 20001
406 20001 20001
407 20001 20001
408 20001 20001
409 20001 20001
410 20001 20001
411 20001 20001
412 20001 20001
413 20001 20001
414 20001 20001
415 20001 20001
416 20001 20001
417 20001 20001
418 20001 20001
419 20001 20001
420 20001 20001
421 20001 20001
422 20001 20001
423 20001 20001
424 20001 20001
425 20001 20001
426 20001 20001
427 20001 20001
428 20001 20001
429 20001 20001
430 20001 20001
431 20001 20001
432 20001 20001
433 20001 20001
434 20001 20001
435 20001 20001
436 20001 20001
437 20001 20001
438 20001 20001
439 20001 20001
440 20001 20001
441 20001 20001
442 20001 20001
443 20001 20001
444 20001 20001
445 20001 20001
446 20001 20001
447 20001 20001
448 20001 20001
449 20001 20001
450 20001 20001
451 20001 20001
452 20001 20001
453 20001 20001
454 20001 20001
455 20001 20001
456 20001 20001
457 20001 20001
458 20001 20001
459 20001 20001
460 20001 20001
461 20001 20001
462 20001 20001
463 20001 20001
464 20001 20001
465 20001 20001
466 20001 20001
467 20001 20001
468 20001 20001
469 20001 20001
470 20001 20001
471 20001 20001
472 20001 20001
473 20001 20001
474 20001 20001
475 20001 20001
476 20001 20001
477 20001 20001
478 20001 20001
479 20001 20001
480 20001 20001
481 20001 20001
482 20001 20001
483 20001 20001
484 20001 20001
485 20001 20001
486 20001 20001
487 20001 20001
488 20001 20001
489 20001 20001
490 20001 20001
491 20001 20001
492 20001 20001
493 20001 20001
494 20001 20001
495 20001 20001
496 20001 20001
497 20001 20001
498 20001 20001
499 20001 20001
500 20001 20001
501 20001 20001
502 20001 20001
503 20001 20001
504 20001 20001
505 20001 20001
506 20001 20001
507 20001 20001
508 20001 20001
509 20001 20001
510 20001 20001
511 20001 20001
512 20001 20001
513 20001 20001
514 20001 20001
515 20001 20001
516 20001 20001
517 20001 20001
518 20001 20001
519 20001 20001
520 20001 20001
521 20001 20001
522 20001 20001
523 20001 20001
524 20001 20001
525 20001 20001
526 20001 20001
527 20001 20001
528 20001 20001
529 20001 20001
530 20001 20001
531 20001 20001
532 20001 20001
533 20001 20001
534 20001 20001
535 20001 20001
536 20001 20001
537 20001 20001
538 20001 20001
539 20001 20001
540 20001 20001
541 20001 20001
542 20001 20001
543 20001 20001
544 20001 20001
545 20001 20001
546 20001 20001
547 20001 20001
548 20001 20001
549 20001 20001
550 20001 20001
551 20001 20001
553 20001 20001
554 20001 20001
555 20001 20001
556 20001 20001
557 20001 20001
558 20001 20001
559 20001 20001
560 20001 20001
561 20001 20001
562 20001 20001
563 20001 20001
564 20001 20001
565 20001 20001
566 20001 20001
567 20001 20001
568 20001 20001
569 20001 20001
570 20001 20001
571 20001 20001
572 20001 20001
573 20001 20001
574 20001 20001
575 20001 20001
576 20001 20001
577 20001 20001
578 20001 20001
579 20001 20001
580 20001 20001
581 20001 20001
582 20001 20001
583 20001 20001
584 20001 20001
585 20001 20001
586 20001 20001
587 20001 20001
588 20001 20001
589 20001 20001
590 20001 20001
591 20001 20001
592 20001 20001
593 20001 20001
594 20001 20001
595 20001 20001
596 20001 20001
597 20001 20001
598 20001 20001
599 20001 20001
600 20001 20001
601 20001 20001
602 20001 20001
605 20001 20001
606 20001 20001
607 20001 20001
608 20001 20001
609 20001 20001
610 20001 20001
611 20001 20001
612 20001 20001
613 20001 20001
614 20001 20001
615 20001 20001
616 20001 20001
617 20001 20001
618 20001 20001
619 20001 20001
620 20001 20001
621 20001 20001
622 20001 20001
623 20001 20001
624 20001 20001
625 20001 20001
626 20001 20001
627 20001 20001
628 20001 20001
629 20001 20001
630 20001 20001
631 20001 20001
632 20001 20001
633 20001 20001
634 20001 20001
635 20001 20001
636 20001 20001
637 20001 20001
638 20001 20001
639 20001 20001
640 20001 20001
641 20001 20001
642 20001 20001
643 20001 20001
644 20001 20001
645 20001 20001
646 20001 20001
647 20001 20001
648 20001 20001
649 20001 20001
650 20001 20001
651 20001 20001
652 20001 20001
653 20001 20001
654 20001 20001
655 20001 20001
656 20001 20001
657 20001 20001
658 20001 20001
659 20001 20001
660 20001 20001
661 20001 20001
662 20001 20001
663 20001 20001
664 20001 20001
665 20001 20001
666 20001 20001
667 20001 20001
668 20001 20001
669 20001 20001
670 20001 20001
671 20001 20001
672 20001 20001
673 20001 20001
674 20001 20001
675 20001 20001
676 20001 20001
677 20001 20001
678 20001 20001
679 20001 20001
680 20001 20001
681 20001 20001
682 20001 20001
683 20001 20001
684 20001 20001
685 20001 20001
686 20001 20001
687 20001 20001
688 20001 20001
689 20001 20001
690 20001 20001
691 20001 20001
692 20001 20001
693 20001 20001
694 20001 20001
695 20001 20001
696 20001 20001
697 20001 20001
698 20001 20001
699 20001 20001
700 20001 20001
701 20001 20001
702 20001 20001
703 20001 20001
704 20001 20001
705 20001 20001
706 20001 20001
707 20001 20001
708 20001 20001
709 20001 20001
710 20001 20001
711 20001 20001
712 20001 20001
713 20001 20001
714 20001 20001
715 20001 20001
716 20001 20001
717 20001 20001
718 20001 20001
719 20001 20001
720 20001 20001
721 20001 20001
722 20001 20001
723 20001 20001
724 20001 20001
725 20001 20001
726 20001 20001
727 20001 20001
728 20001 20001
729 20001 20001
730 20001 20001
731 20001 20001
732 20001 20001
733 20001 20001
734 20001 20001
735 20001 20001
736 20001 20001
737 20001 20001
738 20001 20001
739 20001 20001
740 20001 20001
741 20001 20001
742 20001 20001
743 20001 20001
744 20001 20001
745 20001 20001
746 20001 20001
747 20001 20001
748 20001 20001
749 20001 20001
750 20001 20001
751 20001 20001
752 20001 20001
753 20001 20001
754 20001 20001
755 20001 20001
756 20001 20001
757 20001 20001
758 20001 20001
759 20001 20001
760 20001 20001
761 20001 20001
762 20001 20001
763 20001 20001
764 20001 20001
765 20001 20001
766 20001 20001
767 20001 20001
768 20001 20001
769 20001 20001
770 20001 20001
771 20001 20001
772 20001 20001
773 20001 20001
774 20001 20001
775 20001 20001
776 20001 20001
777 20001 20001
778 20001 20001
779 20001 20001
780 20001 20001
781 20001 20001
782 1 1
783 20001 20001
784 20001 20001
785 20001 20001
786 20001 20001
787 20001 20001
788 20001 20001
789 20001 20001
790 20001 20001
791 20001 20001
792 20001 20001
793 20001 20001
794 20001 20001
795 20001 20001
798 20001 20001
799 20001 20001
800 20001 20001
801 20001 20001
802 20001 20001
803 20001 20001
804 20001 20001
805 20001 20001
806 20001 20001
807 20001 20001
808 20001 20001
809 20001 20001
810 20001 20001
811 20001 20001
812 20001 20001
813 20001 20001
814 20001 20001
815 20001 20001
816 20001 20001
817 20001 20001
818 20001 20001
819 20001 20001
820 20001 20001
821 20001 20001
822 20001 20001
823 20001 20001
824 20001 20001
825 20001 20001
826 20001 20001
827 20001 20001
828 20001 20001
829 20001 20001
830 20001 20001
831 20001 20001
832 20001 20001
833 20001 20001
834 20001 20001
835 20001 20001
836 20001 20001
837 20001 20001
838 20001 20001
839 20001 20001
840 20001 20001
841 20001 20001
842 20001 20001
843 20001 20001
844 20001 20001
845 20001 20001
846 20001 20001
847 20001 20001
848 20001 20001
849 20001 20001
850 20001 20001
851 20001 20001
852 20001 20001
853 20001 20001
854 20001 20001
855 20001 20001
856 20001 20001
857 20001 20001
858 20001 20001
859 20001 20001
860 20001 20001
861 20001 20001
862 20001 20001
863 20001 20001
864 20001 20001
865 20001 20001
866 20001 20001
867 20001 20001
868 20001 20001
869 20001 20001
870 20001 20001
871 20001 20001
872 20001 20001
873 20001 20001
874 20001 20001
875 20001 20001
876 20001 20001
877 20001 20001
878 20001 20001
879 20001 20001
880 20001 20001
881 20001 20001
882 20001 20001
883 20001 20001
884 20001 20001
885 20001 20001
886 20001 20001
887 20001 20001
888 20001 20001
889 20001 20001
890 20001 20001
891 20001 20001
892 20001 20001
893 20001 20001
894 20001 20001
895 20001 20001
896 20001 20001
897 20001 20001
898 20001 20001
899 20001 20001
900 20001 20001
901 20001 20001
902 20001 20001
903 20001 20001
904 20001 20001
905 20001 20001
906 20001 20001
907 20001 20001
908 20001 20001
909 20001 20001
910 20001 20001
911 20001 20001
912 20001 20001
913 20001 20001
914 20001 20001
915 20001 20001
916 20001 20001
917 20001 20001
918 20001 20001
919 20001 20001
920 20001 20001
921 20001 20001
922 20001 20001
923 20001 20001
924 20001 20001
925 20001 20001
926 20001 20001
927 20001 20001
928 20001 20001
929 20001 20001
930 20001 20001
931 20001 20001
932 20001 20001
933 20001 20001
934 20001 20001
935 20001 20001
936 20001 20001
937 20001 20001
938 20001 20001
939 20001 20001
940 20001 20001
941 20001 20001
942 20001 20001
943 20001 20001
944 20001 20001
945 20001 20001
946 20001 20001
947 20001 20001
948 20001 20001
949 20001 20001
950 20001 20001
951 20001 20001
952 20001 20001
953 20001 20001
954 20001 20001
955 20001 20001
956 20001 20001
957 20001 20001
958 20001 20001
959 20001 20001
960 20001 20001
961 20001 20001
962 20001 20001
963 20001 20001
964 20001 20001
965 20001 20001
966 20001 20001
967 20001 20001
968 20001 20001
969 20001 20001
970 20001 20001
971 20001 20001
972 20001 20001
973 20001 20001
974 20001 20001
975 20001 20001
976 20001 20001
977 20001 20001
978 20001 20001
981 20001 20001
982 20001 20001
983 20001 20001
984 20001 20001
985 20001 20001
986 20001 20001
987 20001 20001
988 20001 20001
989 20001 20001
990 20001 20001
991 20001 20001
992 20001 20001
993 20001 20001
994 20001 20001
995 20001 20001
996 20001 20001
997 20001 20001
998 20001 20001
999 20001 20001
1000 20001 20001
1004 20001 20001
1011 20001 20001
1014 20001 20001
1016 20001 20001
1020 20001 20001
1021 20001 20001
1025 20001 20001
1040 20001 20001
1043 20001 20001
1044 20001 20001
1046 20001 20001
1047 20001 20001
1049 20001 20001
1051 20001 20001
1052 20001 20001
1066 20001 20001
1078 20001 20001
1094 20001 20001
1098 20001 20001
1099 20001 20001
