#dataset NA nb_dup nb_loss nb_hgt rec_score nb_gain nb_break DeCo_score linearity_score
lambda_025	0	115.0	1181.0	1137.0	4822.0	2017	307	6358.0	390.0
lambda_05	0	118.0	1218.0	1226.0	5132.0	2355	295	7360.0	554.0
lambda_1	0	114.0	1335.0	1394.0	5745.0	2812	275	8711.0	730.0
lambda_2	0	107.0	1525.0	1763.0	7028.0	3854	229	11791.0	1214.0
lambda_3	0	105.0	1759.0	2111.0	8302.0	4661	242	14225.0	1574.0
lambda_5	0	105.0	2052.0	2587.0	10023.0	5772	192	17508.0	2080.0
lambda_7	0	96.0	2392.0	3148.0	12028.0	6816	196	20644.0	2568.0
lambda_10	0	93.0	2829.0	3730.0	14205.0	7996	164	24152.0	3262.0
lambda_20	0	103.0	3809.0	5119.0	19372.0	10444	123	31455.0	5052.0
lambda_30	0	112.0	4456.0	6166.0	23178.0	12209	98	36725.0	6666.0
lambda_50	0	107.0	5142.0	7453.0	27715.0	14132	83	42479.0	8126.0
