#dataset RF nb_dup nb_loss nb_hgt rec_score nb_gain nb_break DeCo_score linearity_score
lambda_025	0.12	118.0	289.0	192.0	1101.0	1827	334	5815.0	218.0
lambda_05	0.25	120.0	388.0	312.0	1564.0	2050	330	6480.0	260.0
lambda_1	0.45	117.0	543.0	507.0	2298.0	2443	322	7651.0	378.0
lambda_2	0.93	112.0	873.0	952.0	3953.0	3269	283	10090.0	696.0
lambda_3	1.38	108.0	1175.0	1342.0	5417.0	3979	287	12224.0	940.0
lambda_5	2.18	104.0	1605.0	1951.0	7666.0	5119	241	15598.0	1486.0
lambda_7	2.97	93.0	2081.0	2537.0	9878.0	6131	240	18633.0	1900.0
lambda_10	3.96	88.0	2577.0	3250.0	12503.0	7396	204	22392.0	2714.0
lambda_20	6.65	86.0	3661.0	4805.0	18248.0	10054	156	30318.0	4554.0
lambda_30	8.93	103.0	4444.0	5913.0	22389.0	11873	121	35740.0	6242.0
lambda_50	11.88	103.0	5278.0	7270.0	27294.0	14022	91	42157.0	7916.0
