#dataset NA nb_dup nb_loss nb_hgt rec_score nb_gain nb_break DeCo_score linearity_score
lambda_025	0	1151.0	3443.0	0.0	5745.0	1788	237	5601.0	808.0
lambda_05	0	1216.0	3661.0	0.0	6093.0	1968	235	6139.0	1178.0
lambda_1	0	1419.0	4318.0	0.0	7156.0	2408	224	7448.0	2120.0
lambda_2	0	1852.0	5704.0	0.0	9408.0	3261	202	9985.0	3956.0
lambda_3	0	2179.0	6754.0	0.0	11112.0	3932	185	11981.0	5342.0
lambda_5	0	2826.0	8909.0	0.0	14561.0	5193	166	15745.0	8096.0
lambda_7	0	3474.0	11123.0	0.0	18071.0	6131	138	18531.0	10426.0
lambda_10	0	4137.0	13582.0	0.0	21856.0	7421	113	22376.0	13290.0
lambda_20	0	6246.0	21610.0	0.0	34102.0	10311	98	31031.0	20746.0
lambda_30	0	7482.0	27074.0	0.0	42038.0	12026	73	36151.0	25994.0
lambda_50	0	9239.0	36100.0	0.0	54578.0	14104	50	42362.0	33190.0
