#dataset NA nb_dup nb_loss nb_hgt rec_score nb_gain nb_break DeCo_score linearity_score
lambda_025	0	0.0	1154.0	1094.0	4436.0	1910	288	6018.0	324.0
lambda_05	0	0.0	1212.0	1187.0	4773.0	2169	266	6773.0	446.0
lambda_1	0	1.0	1348.0	1384.0	5502.0	2750	266	8516.0	698.0
lambda_2	0	1.0	1532.0	1695.0	6619.0	3634	251	11153.0	1052.0
lambda_3	0	1.0	1679.0	2052.0	7837.0	4473	217	13636.0	1560.0
lambda_5	0	4.0	2087.0	2553.0	9754.0	5600	188	16988.0	2002.0
lambda_7	0	3.0	2332.0	2987.0	11299.0	6513	176	19715.0	2538.0
lambda_10	0	10.0	2697.0	3563.0	13406.0	7616	141	22989.0	3258.0
lambda_20	0	22.0	3600.0	5071.0	18857.0	10222	113	30779.0	5006.0
lambda_30	0	48.0	4387.0	5917.0	22234.0	11692	102	35178.0	6174.0
