1007 998 1769 1063 
1006 998 1294 1007 
997 998 1322 1007 
977 1003 1949 1051 
1007 998 1249 1038 
988 994 1061 991 
994 1000 2536 1092 
1006 998 1676 1069 
1002 997 1027 1006 
1009 1000 1435 1057 
1014 1001 1058 1010 
1011 1008 1049 1014 
1013 1007 1237 1024 
1006 994 1134 1004 
1002 1000 1337 1013 
1004 1000 1419 1025 
1005 995 1101 1005 
1005 994 1206 1005 
1004 994 1539 1015 
1007 998 1668 1027 
1004 994 1711 1015 
1008 1000 1152 1026 
1008 1002 1023 1010 
1010 993 1612 1041 
1010 2 1030 1008 
1009 1000 NA NA 
