0.0 0.0 0.0 0.0 0
1.0 0.00256348634142 0.0849280222004 0.00866409085587 0
2.0 0.997316350236 0.707868416488 0.956445381103 1
3.0 0.0 0.115684800833 0.0231042422823 0
4.0 0.0 0.0387350407585 0.00261483823128 0
5.0 0.0 0.0163323119616 0.000390274362877 0
6.0 0.0 0.00930797248078 0.0 0
7.0 0.0 0.00450945250621 0.0 0
8.0 0.0 0.00228363299994 0.0 0
9.0 0.0 0.00104064288605 0.0 0
10.0 0.0 0.000260160721512 0.0 0
11.0 0.0 0.000202347227843 0.0 0
12.0 0.0 8.67202405041e-05 0.0 0
13.0 0.0 0.000144533734174 0.0 0
14.0 0.0 0.0 0.0 0
