#dataset RF nb_dup nb_loss nb_hgt rec_score nb_gain nb_break DeCo_score linearity_score
lambda_025	0.13	183.0	528.0	0.0	894.0	1782	294	5640.0	592.0
lambda_05	0.22	273.0	815.0	0.0	1361.0	1961	287	6170.0	980.0
lambda_1	0.47	503.0	1537.0	0.0	2543.0	2399	279	7476.0	1956.0
lambda_2	0.96	974.0	3027.0	0.0	4975.0	3259	249	10026.0	3834.0
lambda_3	1.36	1361.0	4238.0	0.0	6960.0	3932	232	12028.0	5234.0
lambda_5	2.16	2097.0	6643.0	0.0	10837.0	5206	207	15825.0	8014.0
lambda_7	2.94	2766.0	8896.0	0.0	14428.0	6153	177	18636.0	10358.0
lambda_10	3.97	3599.0	11841.0	0.0	19039.0	7467	140	22541.0	13336.0
lambda_20	6.88	5923.0	20537.0	0.0	32383.0	10404	111	31323.0	21152.0
lambda_30	8.88	7235.0	26320.0	0.0	40790.0	12122	88	36454.0	26198.0
lambda_50	11.90	9119.0	35959.0	0.0	54197.0	14232	53	42749.0	34026.0
